76,2
76,4
76,1
76,3
0,270
3,2
3,1
3,3
10,225
10,95
10,111
10,263
10,177
10,187
10,267
10,2
10,3
11,15
11,5
11,27
11,19
11,21
11,25
11,11
11,2
11,3
9,5
9,1
9,7
9,2
9,3
8,5
8,18
8,14
8,2
8,3
12,2
12,1
12,3
95,5
95,4
95,3
95,2
95,1
95,0
92,3
92,2
92,1
92,0
89,3
89,1
87,3
87,1
85,3
85,1
83,5
83,4
83,3
83,2
83,1
83,0
81,3
81,2
81,1
81,0
80,3
80,2
80,1
80,0
79,4
79,3
20,2
20,1
20,3
79,2
79,1
79,0
19,2
78,4
19,1
78,3
19,3
78,2
78,1
78,0
17,3
17,2
17,1
16,3
16,2
16,1
15,3
15,2
15,1
14,2
13,2
11,28
11,26
11,1
11,24
10,300
10,276
10,256
10,226
10,224
10,80
10,1
10,8
8,16
8,13
8,10
8,9
8,7
8,1
8,4
7,13
7,11
7,9
7,8
7,7
7,5
7,4
